Dono = Alex_Wayne
PosX = -2112.67016601
PosY = -2409.55566406
PosZ = 31.29590606
RX = 0.00000000
RY = 0.00000000
RZ = 239.44573974
