Dono = Alex_Wayne
PosX = -2115.69238281
PosY = -2406.77197265
PosZ = 31.29777526
RX = 0.00000000
RY = 0.00000000
RZ = 54.89180755
