Dono = Jef_YT
PosX = 246.74392700
PosY = -60.23918533
PosZ = 1.57031250
RX = 0.00000000
RY = 0.00000000
RZ = 84.03705596
