Dono = Anderson_Silveira
PosX = -262.84262084
PosY = -2185.37280273
PosZ = 28.94107437
RX = 0.00000000
RY = 0.00000000
RZ = 179.51866149
