Dono = Eduuh_157
PosX = -123.22537231
PosY = -98.29570007
PosZ = 3.11808204
RX = 0.00000000
RY = 0.00000000
RZ = 282.27130126
