Dono = STAFF_FAGAMES
PosX = -1631.36132812
PosY = -2236.54125976
PosZ = 31.47656250
RX = 0.00000000
RY = 0.00000000
RZ = 0.64224427
