Dono = Nattan_Helleno
PosX = -2185.90771484
PosY = -262.25900268
PosZ = 40.71949768
RX = 0.00000000
RY = 0.00000000
RZ = 34.66184234
