Dono = Sr_Killer
PosX = -687.76647949
PosY = 938.72039794
PosZ = 13.63281250
RX = 0.00000000
RY = 0.00000000
RZ = 159.08229064
