Dono = Don_Alex
PosX = 94.82464599
PosY = -185.57901000
PosZ = 1.48437500
RX = 0.00000000
RY = 0.00000000
RZ = 226.93490600
