Dono = David_Doido
PosX = -1953.67236328
PosY = 260.91357421
PosZ = 41.04708099
RX = 0.00000000
RY = 0.00000000
RZ = 179.78784179
