Dono = Don_Alex
PosX = 92.80641174
PosY = -196.19760131
PosZ = 1.48437500
RX = 0.00000000
RY = 0.00000000
RZ = 168.55796813
