Dono = LXZ_007
PosX = -2027.05834960
PosY = -1979.86804199
PosZ = 80.19449615
RX = 0.00000000
RY = 0.00000000
RZ = 344.03833007
