Dono = Last_Maverick
PosX = -1006.85491943
PosY = -2296.87109375
PosZ = 59.87378692
RX = 0.00000000
RY = 0.00000000
RZ = 56.56714630
