Dono = Anderson_Silveira
PosX = -1930.35681152
PosY = -2066.21191406
PosZ = 63.68292236
RX = 0.00000000
RY = 0.00000000
RZ = 168.06520080
