Dono = Nando_QQ
PosX = -2173.29907226
PosY = -2536.37377929
PosZ = 30.61718750
RX = 0.00000000
RY = 0.00000000
RZ = 134.00360107
