Dono = HikerZ
PosX = 372.27520751
PosY = -105.47012329
PosZ = 1.26335334
RX = 0.00000000
RY = 0.00000000
RZ = 272.22915649
