Dono = Fluit_Jhonson
PosX = 416.76580810
PosY = -1144.39318847
PosZ = 76.67512512
RX = 0.00000000
RY = 0.00000000
RZ = 323.98394775
