Dono = HikerZ
PosX = 1134.44885253
PosY = -1191.95410156
PosZ = 32.02754974
RX = 0.00000000
RY = 0.00000000
RZ = 303.57864379
