Dono = Rafaell_Alves
PosX = 1008.61956787
PosY = -1.77549088
PosZ = 92.00489044
RX = 0.00000000
RY = 0.00000000
RZ = 124.04428863
