Dono = Rafaell_Alves
PosX = 696.72790527
PosY = 380.90188598
PosZ = 19.20325660
RX = 0.00000000
RY = 0.00000000
RZ = 328.71197509
