Dono = Jeffrey_Barbosa
PosX = -2675.00683593
PosY = 92.17974090
PosZ = 4.36535072
RX = 0.00000000
RY = 0.00000000
RZ = 278.08612060
