Dono = Anderson_Silveira
PosX = 279.41018676
PosY = -1520.09619140
PosZ = 24.92890739
RX = 0.00000000
RY = 0.00000000
RZ = 306.41943359
