Dono = [FS].heyboy
PosX = 2488.01098632
PosY = 2357.09545898
PosZ = 10.82811355
RX = 0.00000000
RY = 0.00000000
RZ = 65.13502502
