Dono = [H]unk_MTK
PosX = -1825.06164550
PosY = -1602.14208984
PosZ = 23.01562500
RX = 0.00000000
RY = 0.00000000
RZ = 268.94998168
