Dono = Gabriel_Sanchez
PosX = -76.87221527
PosY = -96.79743194
PosZ = 3.11808204
RX = 0.00000000
RY = 0.00000000
RZ = 94.37714385
