Dono = Gui_Marena
PosX = -436.71731567
PosY = -59.94271850
PosZ = 58.87500000
RX = 0.00000000
RY = 0.00000000
RZ = 204.95991516
