Dono = Gui_Marena
PosX = -435.35397338
PosY = -64.22997283
PosZ = 58.87500000
RX = 0.00000000
RY = 0.00000000
RZ = 149.61990356
