Dono = Ariel_
PosX = -2143.93408203
PosY = -2472.21264648
PosZ = 30.62500000
RX = 0.00000000
RY = 0.00000000
RZ = 342.93176269
