Dono = den_
PosX = -566.34002685
PosY = -195.88867187
PosZ = 78.66253662
RX = 0.00000000
RY = 0.00000000
RZ = 182.96755981
