Dono = den_
PosX = -551.54278564
PosY = -181.33012390
PosZ = 78.40625000
RX = 0.00000000
RY = 0.00000000
RZ = 186.33166503
