Dono = [I2F].BUIMANO.gg
PosX = 85.64165496
PosY = -166.72764587
PosZ = 2.59375000
RX = 0.00000000
RY = 0.00000000
RZ = 263.92718505
