Dono = Samuel_Loko
PosX = -1502.19995117
PosY = -1770.54980468
PosZ = 51.93292236
RX = 0.00000000
RY = 0.00000000
RZ = 96.96417236
