Dono = [FS].heyboy
PosX = 1728.69628906
PosY = -1309.59863281
PosZ = 13.57678031
RX = 0.00000000
RY = 0.00000000
RZ = 84.67407226
