Dono = Enzo_Henrique
PosX = -1660.86718750
PosY = -2416.26269531
PosZ = 99.25502777
RX = 0.00000000
RY = 0.00000000
RZ = 137.48899841
