Dono = Last_Maverick
PosX = -2533.77954101
PosY = 65.96885681
PosZ = 9.72304153
RX = 0.00000000
RY = 0.00000000
RZ = 259.89678955
