Dono = Enzo_Henrique
PosX = -2197.60327148
PosY = -2445.01245117
PosZ = 30.61718750
RX = 0.00000000
RY = 0.00000000
RZ = 231.17819213
