Dono = Ezequiel_Cunha
PosX = -2226.56958007
PosY = -2402.13696289
PosZ = 31.98437500
RX = 0.00000000
RY = 0.00000000
RZ = 59.11961364
