Dono = miojoly
PosX = -396.03860473
PosY = 1265.49499511
PosZ = 7.25813007
RX = 0.00000000
RY = 0.00000000
RZ = 181.42999267
