Dono = Screezy
PosX = -2188.35351562
PosY = -247.78112792
PosZ = 40.71950149
RX = 0.00000000
RY = 0.00000000
RZ = 89.93025207
