Dono = Jef_YT
PosX = 609.35357666
PosY = -609.44982910
PosZ = 17.22656250
RX = 0.00000000
RY = 0.00000000
RZ = 194.58644104
