Dono = Jef_YT
PosX = 246.14068603
PosY = -55.04600524
PosZ = 1.57764422
RX = 0.00000000
RY = 0.00000000
RZ = 83.63103485
