Dono = Jef_YT
PosX = 246.90872192
PosY = -48.26292037
PosZ = 1.57812500
RX = 0.00000000
RY = 0.00000000
RZ = 317.65646362
