Dono = Jef_YT
PosX = 246.93528747
PosY = -54.15584182
PosZ = 1.57764422
RX = 0.00000000
RY = 0.00000000
RZ = 170.62564086
