Dono = Ultra_dayz
PosX = -1424.52124023
PosY = -1477.02246093
PosZ = 105.03207397
RX = 0.00000000
RY = 0.00000000
RZ = 8.60797500
