Dono = Andre_Camargo
PosX = 2176.05346679
PosY = -2257.33715820
PosZ = 15.00892162
RX = 0.00000000
RY = 0.00000000
RZ = 134.77999877
Metal = 5
upgrade = 1
