Dono = Andre_Camargo
PosX = 2179.09277343
PosY = -2253.75488281
PosZ = 14.92858123
RX = 0.00000000
RY = 0.00000000
RZ = 148.42013549
Metal = 5
upgrade = 1
