Dono = Wesker_kennedy
PosX = 2351.43017578
PosY = -658.41882324
PosZ = 128.55468750
RX = 0.00000000
RY = 0.00000000
RZ = 437.48974609
Metal = 5
upgrade = 1
