Dono = [I2F].BUIMANO.gg
PosX = 100.16168975
PosY = -152.94079589
PosZ = 3.07629394
RX = 0.00000000
RY = 0.00000000
RZ = 533.14050292
Metal = 5
upgrade = 1
