Dono = [I2F].BUIMANO.gg
PosX = 100.28006744
PosY = -149.89915466
PosZ = 3.07487678
RX = 0.00000000
RY = 0.00000000
RZ = 359.28207397
Metal = 5
upgrade = 1
