Dono = [I2F].BUIMANO.gg
PosX = 100.12182617
PosY = -173.08377075
PosZ = 3.07634019
RX = 0.00000000
RY = 0.00000000
RZ = 363.28451538
Metal = 5
upgrade = 1
