Dono = [I2F].BUIMANO.gg
PosX = 100.17605590
PosY = -170.45721435
PosZ = 3.08692741
RX = 0.00000000
RY = 0.00000000
RZ = 360.35769653
Metal = 5
upgrade = 1
