Dono = Samuel_Loko
PosX = -1811.15197753
PosY = -1621.43383789
PosZ = 23.81562423
RX = 0.00000000
RY = 0.00000000
RZ = 474.58032226
Metal = 5
upgrade = 1
