Dono = Sansung_Max
PosX = -1815.95764160
PosY = -1621.81774902
PosZ = 23.51562500
RX = 0.00000000
RY = 0.00000000
RZ = 274.23361206
Metal = 5
upgrade = 1
