Dono = Eduuh_157
PosX = 1538.18383789
PosY = -1458.28906250
PosZ = 12.58015251
RX = 0.00000000
RY = 0.00000000
RZ = 801.43041992
Metal = 5
upgrade = 1
