Dono = Eduuh_157
PosX = 1525.11669921
PosY = -1463.55285644
PosZ = 10.00000000
RX = 0.00000000
RY = 0.00000000
RZ = 95.26261138
Metal = 5
upgrade = 1
