Dono = Eduuh_157
PosX = 1536.12121582
PosY = -1457.68432617
PosZ = 12.94850349
RX = 0.00000000
RY = 0.00000000
RZ = 267.52929687
Metal = 5
upgrade = 1
