Dono = Eduuh_157
PosX = 1532.83349609
PosY = -1457.72619628
PosZ = 12.73253154
RX = 0.00000000
RY = 0.00000000
RZ = 90.26834106
Metal = 5
upgrade = 1
