Dono = Morte_Doido
PosX = 777.04528808
PosY = -1330.31579589
PosZ = 14.64300346
RX = 0.00000000
RY = 0.00000000
RZ = 91.13900756
Metal = 5
upgrade = 1
