Dono = Eduuh_157
PosX = 1516.58435058
PosY = -1459.00695800
PosZ = 10.00000000
RX = 0.00000000
RY = 0.00000000
RZ = 364.14117431
Metal = 5
upgrade = 1
