Dono = Eduuh_157
PosX = 1533.32434082
PosY = -1458.85253906
PosZ = 12.18342208
RX = 0.00000000
RY = 0.00000000
RZ = 421.37200927
Metal = 5
upgrade = 1
