Dono = Eduuh_157
PosX = 1531.15502929
PosY = -1455.80981445
PosZ = 12.64919471
RX = 0.00000000
RY = 0.00000000
RZ = 588.08020019
Metal = 5
upgrade = 1
