Dono = Eduuh_157
PosX = 1534.11926269
PosY = -1456.77124023
PosZ = 13.60975360
RX = 0.00000000
RY = 0.00000000
RZ = 273.98913574
Metal = 5
upgrade = 1
