Dono = Morte_Doido
PosX = 780.34851074
PosY = -1330.14550781
PosZ = 14.64139938
RX = 0.00000000
RY = 0.00000000
RZ = 91.13900756
Metal = 5
upgrade = 1
