Dono = Morte_Doido
PosX = 779.00268554
PosY = -1384.82348632
PosZ = 14.78932952
RX = 0.00000000
RY = 0.00000000
RZ = 267.52398681
Metal = 5
upgrade = 1
