Dono = Morte_Doido
PosX = 775.74835205
PosY = -1384.74194335
PosZ = 14.78242969
RX = 0.00000000
RY = 0.00000000
RZ = 269.40386962
Metal = 5
upgrade = 1
