Dono = Morte_Doido
PosX = 782.14080810
PosY = -1384.83093261
PosZ = 14.79106330
RX = 0.00000000
RY = 0.00000000
RZ = 272.53744506
Metal = 5
upgrade = 1
