Dono = Pablo_Vyctor
PosX = -343.83450317
PosY = 1549.14672851
PosZ = 76.06250000
RX = 0.00000000
RY = 0.00000000
RZ = 465.78448486
Metal = 5
upgrade = 1
