Dono = STAFF_DIAS
PosX = 839.59832763
PosY = -1343.13085937
PosZ = 7.67187500
RX = 0.00000000
RY = 0.00000000
RZ = 179.18478393
Metal = 5
upgrade = 1
