Dono = STAFF_arthur
PosX = -1855.25964355
PosY = -1693.08386230
PosZ = 42.08593750
RX = 0.00000000
RY = 0.00000000
RZ = 128.69598388
Metal = 5
upgrade = 1
