Dono = STAFF_DIAS
PosX = 828.70471191
PosY = -1343.51721191
PosZ = 12.75361537
RX = 0.00000000
RY = 0.00000000
RZ = 174.46109008
Metal = 5
upgrade = 1
