Dono = STAFF_DIAS
PosX = 831.84594726
PosY = -1340.82592773
PosZ = 11.49655151
RX = 0.00000000
RY = 0.00000000
RZ = 163.67318725
Metal = 5
upgrade = 1
