Dono = Pablo_Vyctor
PosX = -342.88192749
PosY = 1534.90930175
PosZ = 76.06250000
RX = 0.00000000
RY = 0.00000000
RZ = 268.27862548
Metal = 5
upgrade = 1
