Dono = Pablo_Vyctor
PosX = -1660.74133300
PosY = 1204.22277832
PosZ = 14.17187500
RX = 0.00000000
RY = 0.00000000
RZ = 364.09005737
Metal = 5
upgrade = 1
