Dono = Pablo_Vyctor
PosX = -1657.78283691
PosY = 1206.19714355
PosZ = 15.60312557
RX = 0.00000000
RY = 0.00000000
RZ = 265.66394042
Metal = 5
upgrade = 1
