Dono = Pablo_Vyctor
PosX = -1660.23156738
PosY = 1206.08410644
PosZ = 14.77808952
RX = 0.00000000
RY = 0.00000000
RZ = 256.19354248
Metal = 5
upgrade = 1
