Dono = Pablo_Vyctor
PosX = -1674.20520019
PosY = 1214.11279296
PosZ = 10.85726642
RX = 0.00000000
RY = 0.00000000
RZ = 299.13082885
Metal = 5
upgrade = 1
