Dono = ZE_GULART
PosX = 830.89288330
PosY = -1060.28955078
PosZ = 25.63563537
RX = 0.00000000
RY = 0.00000000
RZ = 107.29482269
Metal = 5
upgrade = 1
