Dono = Luan_Kepler
PosX = -1659.78015136
PosY = -2423.41723632
PosZ = 99.87957763
RX = 0.00000000
RY = 0.00000000
RZ = 1146.53710937
Metal = 5
upgrade = 1
