Dono = Enzo_Henrique
PosX = -1657.60815429
PosY = -2422.74096679
PosZ = 99.85882568
RX = 0.00000000
RY = 0.00000000
RZ = 403.56445312
Metal = 5
upgrade = 1
