Dono = Wesker_kennedy
PosX = 2348.48315429
PosY = -648.13397216
PosZ = 128.55468750
RX = 0.00000000
RY = 0.00000000
RZ = 340.89114379
Metal = 5
upgrade = 1
