Dono = Enzo_Henrique
PosX = -1664.19616699
PosY = -2417.62377929
PosZ = 100.34078979
RX = 0.00000000
RY = 0.00000000
RZ = 163.11770629
Metal = 5
upgrade = 1
