Dono = Enzo_Henrique
PosX = -1663.85742187
PosY = -2414.53808593
PosZ = 100.43985748
RX = 0.00000000
RY = 0.00000000
RZ = 447.05532836
Metal = 5
upgrade = 1
