Dono = Luan_Kepler
PosX = -1660.16882324
PosY = -2415.92919921
PosZ = 99.95307922
RX = 0.00000000
RY = 0.00000000
RZ = 174.11584472
Metal = 5
upgrade = 1
