Dono = Luan_Kepler
PosX = -1659.97900390
PosY = -2416.06787109
PosZ = 99.93086242
RX = 0.00000000
RY = 0.00000000
RZ = 210.95162963
Metal = 5
upgrade = 1
