Dono = Luan_Kepler
PosX = -1659.96691894
PosY = -2416.03686523
PosZ = 99.92543029
RX = 0.00000000
RY = 0.00000000
RZ = 260.51397705
Metal = 5
upgrade = 1
