Dono = Luan_Kepler
PosX = -1660.23364257
PosY = -2416.45996093
PosZ = 100.02042388
RX = 0.00000000
RY = 0.00000000
RZ = 286.31823730
Metal = 5
upgrade = 1
