Dono = Luan_Kepler
PosX = -1661.49548339
PosY = -2419.54028320
PosZ = 100.56347656
RX = 0.00000000
RY = 0.00000000
RZ = 417.07946777
Metal = 5
upgrade = 1
