Dono = iago_mieres
PosX = 1089.10461425
PosY = -1332.95935058
PosZ = 14.17061042
RX = 0.00000000
RY = 0.00000000
RZ = 358.42636108
Metal = 5
upgrade = 1
