Dono = iago_mieres
PosX = 1090.71313476
PosY = -1330.60253906
PosZ = 14.20341014
RX = 0.00000000
RY = 0.00000000
RZ = 361.53839111
Metal = 5
upgrade = 1
