Dono = iago_mieres
PosX = 1090.64941406
PosY = -1341.54699707
PosZ = 14.17969322
RX = 0.00000000
RY = 0.00000000
RZ = 267.50234985
Metal = 5
upgrade = 1
