Dono = Wesker_kennedy
PosX = 2357.80346679
PosY = -648.29382324
PosZ = 128.55468750
RX = 0.00000000
RY = 0.00000000
RZ = 359.92529296
Metal = 5
upgrade = 1
