Dono = Enzo_Henrique
PosX = -2201.50122070
PosY = -2442.05957031
PosZ = 31.11718750
RX = 0.00000000
RY = 0.00000000
RZ = 324.22570800
Metal = 5
upgrade = 1
