Dono = iago_mieres
PosX = 1088.34350585
PosY = -1331.45947265
PosZ = 14.16499996
RX = 0.00000000
RY = 0.00000000
RZ = 365.16418457
Metal = 5
upgrade = 1
