Dono = Enzo_Henrique
PosX = -2222.54199218
PosY = -2404.70898437
PosZ = 31.84138107
RX = 0.00000000
RY = 0.00000000
RZ = 329.06152343
Metal = 3
upgrade = 1
