Dono = Enzo_Henrique
PosX = -2224.53442382
PosY = -2401.72070312
PosZ = 32.48437500
RX = 0.00000000
RY = 0.00000000
RZ = 327.04080200
Metal = 5
upgrade = 1
