Dono = Enzo_Henrique
PosX = -2226.54882812
PosY = -2402.91381835
PosZ = 32.48437500
RX = 0.00000000
RY = 0.00000000
RZ = 104.09065246
Metal = 5
upgrade = 1
