Dono = miojoly
PosX = -394.67065429
PosY = 1244.98815917
PosZ = 7.44098949
RX = 0.00000000
RY = 0.00000000
RZ = 443.14221191
Metal = 5
upgrade = 1
