Dono = EoVaqueiroMainha
PosX = -381.28656005
PosY = 1199.43872070
PosZ = 14.34925651
RX = 0.00000000
RY = 0.00000000
RZ = 245.13371276
Metal = 5
upgrade = 1
