Dono = EoVaqueiroMainha
PosX = -401.90490722
PosY = 1307.88806152
PosZ = 7.91136455
RX = 0.00000000
RY = 0.00000000
RZ = 100.86830139
Metal = 5
upgrade = 1
