Dono = EoVaqueiroMainha
PosX = -403.24047851
PosY = 1310.98791503
PosZ = 15.20334339
RX = 0.00000000
RY = 0.00000000
RZ = 312.19522094
Metal = 5
upgrade = 1
