Dono = Edson_Rayan
PosX = -2102.81176757
PosY = -2403.00756835
PosZ = 31.89323425
RX = 0.00000000
RY = 0.00000000
RZ = 323.77151489
Metal = 5
upgrade = 1
