Dono = Wesker_kennedy
PosX = 2357.64941406
PosY = -652.53985595
PosZ = 128.55468750
RX = 0.00000000
RY = 0.00000000
RZ = 359.73812866
Metal = 5
upgrade = 1
