Dono = Edson_Rayan
PosX = -2105.95507812
PosY = -2404.00756835
PosZ = 31.57194328
RX = 0.00000000
RY = 0.00000000
RZ = 415.29821777
Metal = 5
upgrade = 1
