Dono = Edson_Rayan
PosX = -1432.65722656
PosY = -1577.34143066
PosZ = 105.73667144
RX = 0.00000000
RY = 0.00000000
RZ = 365.15264892
Metal = 5
upgrade = 1
