Dono = samuel_loko
PosX = 2411.70263671
PosY = 58.02119445
PosZ = 27.80582237
RX = 0.00000000
RY = 0.00000000
RZ = 557.81884765
Metal = 5
upgrade = 1
