Dono = Sansung_Max
PosX = 2412.32202148
PosY = 57.44505691
PosZ = 27.90689277
RX = 0.00000000
RY = 0.00000000
RZ = 90.98278045
Metal = 5
upgrade = 1
