Dono = Sansung_Max
PosX = 2409.03857421
PosY = 60.03481292
PosZ = 28.08344268
RX = 0.00000000
RY = 0.00000000
RZ = 441.52758789
Metal = 5
upgrade = 1
