Dono = Gustavo_R46
PosX = -560.73968505
PosY = -880.32263183
PosZ = 109.51588439
RX = 0.00000000
RY = 0.00000000
RZ = 400.44052124
Metal = 5
upgrade = 1
