Dono = Screezy
PosX = -2163.28076171
PosY = -226.15484619
PosZ = 37.01562500
RX = 0.00000000
RY = 0.00000000
RZ = 270.91943359
Metal = 5
upgrade = 1
