Dono = Screezy
PosX = -2180.76562500
PosY = -208.59205627
PosZ = 37.01562500
RX = 0.00000000
RY = 0.00000000
RZ = 182.26618957
Metal = 5
upgrade = 1
