Dono = Screezy
PosX = -2180.66113281
PosY = -211.10060119
PosZ = 37.01562500
RX = 0.00000000
RY = 0.00000000
RZ = 374.74526977
Metal = 5
upgrade = 1
