Dono = Screezy
PosX = -2154.52636718
PosY = -240.96984863
PosZ = 37.01562500
RX = 0.00000000
RY = 0.00000000
RZ = 269.82086181
Metal = 5
upgrade = 1
