Dono = Wesker_kennedy
PosX = 2358.47412109
PosY = -652.64916992
PosZ = 128.55468750
RX = 0.00000000
RY = 0.00000000
RZ = 260.26379394
Metal = 5
upgrade = 1
