Dono = Screezy
PosX = -2151.51342773
PosY = -240.95091247
PosZ = 37.01562500
RX = 0.00000000
RY = 0.00000000
RZ = 277.45962524
Metal = 5
upgrade = 1
