Dono = Screezy
PosX = -2180.93969726
PosY = -217.06150817
PosZ = 37.01562500
RX = 0.00000000
RY = 0.00000000
RZ = 177.20498657
Metal = 5
upgrade = 1
