Dono = Screezy
PosX = -2180.87158203
PosY = -219.44892883
PosZ = 37.91562271
RX = 0.00000000
RY = 0.00000000
RZ = 385.29095458
Metal = 5
upgrade = 1
