Dono = Screezy
PosX = -2180.86279296
PosY = -219.79429626
PosZ = 37.01562500
RX = 0.00000000
RY = 0.00000000
RZ = 175.12200927
Metal = 5
upgrade = 1
