Dono = STAFF_arthur
PosX = 1021.04431152
PosY = -309.10223388
PosZ = 74.49308013
RX = 0.00000000
RY = 0.00000000
RZ = 450.73489379
Metal = 5
upgrade = 1
