Dono = James_Katz
PosX = -571.83428955
PosY = -176.08457946
PosZ = 78.91354370
RX = 0.00000000
RY = 0.00000000
RZ = 186.09902954
Metal = 5
upgrade = 1
