Dono = Screezy
PosX = -2146.47021484
PosY = -241.67677307
PosZ = 37.01562500
RX = 0.00000000
RY = 0.00000000
RZ = 266.32617187
Metal = 5
upgrade = 1
