Dono = James_Katz
PosX = -560.19635009
PosY = -176.23197937
PosZ = 78.90625000
RX = 0.00000000
RY = 0.00000000
RZ = 209.41049194
Metal = 5
upgrade = 1
