Dono = James_Katz
PosX = -570.25219726
PosY = -178.60952758
PosZ = 78.91354370
RX = 0.00000000
RY = 0.00000000
RZ = 185.41392517
Metal = 5
upgrade = 1
