Dono = James_Katz
PosX = -569.67492675
PosY = -177.14624023
PosZ = 78.90625000
RX = 0.00000000
RY = 0.00000000
RZ = 290.67654418
Metal = 5
upgrade = 1
