Dono = Wesker_kennedy
PosX = 2357.42114257
PosY = -654.11767578
PosZ = 128.55468750
RX = 0.00000000
RY = 0.00000000
RZ = 253.92460632
Metal = 5
upgrade = 1
