Dono = ZE_GULART
PosX = 845.57836914
PosY = -1061.16223144
PosZ = 25.62986373
RX = 0.00000000
RY = 0.00000000
RZ = 119.13181304
Metal = 5
upgrade = 1
