Dono = Wesker_kennedy
PosX = 2360.20654296
PosY = -653.00781250
PosZ = 128.39331054
RX = 0.00000000
RY = 0.00000000
RZ = 202.12245178
Metal = 5
upgrade = 1
