Dono = Wesker_kennedy
PosX = 2359.09545898
PosY = -656.04962158
PosZ = 128.55468750
RX = 0.00000000
RY = 0.00000000
RZ = 269.56387329
Metal = 5
upgrade = 1
