Dono = Gabriel_Sanchez
PosX = -99.96720123
PosY = -97.74830627
PosZ = 3.61718750
RX = 0.00000000
RY = 0.00000000
RZ = 174.44491577
Metal = 5
upgrade = 1
