Dono = Wesker_kennedy
PosX = 2357.73657226
PosY = -657.78131103
PosZ = 128.55468750
RX = 0.00000000
RY = 0.00000000
RZ = 370.83029174
Metal = 5
upgrade = 1
