Dono = Anderson_Silveira
PosX = 254.28433227
PosY = -1605.65014648
PosZ = 26.54870223
RX = 0.00000000
RY = 0.00000000
RZ = 399.57623291
Metal = 5
upgrade = 1
