Dono = Kaue_Santos
PosX = -1856.43835449
PosY = -1696.18725585
PosZ = 41.96718597
RX = 0.00000000
RY = 0.00000000
RZ = 487.34326171
Metal = 5
upgrade = 1
