Dono = Gabriel_Sanchez
PosX = -97.73975372
PosY = -107.84605407
PosZ = 3.60939598
RX = 0.00000000
RY = 0.00000000
RZ = 438.45660400
Metal = 5
upgrade = 1
