Dono = STAFF_DIAS
PosX = 2497.20068359
PosY = 2391.49340820
PosZ = 11.08876609
RX = 0.00000000
RY = 0.00000000
RZ = 351.88815307
Metal = 5
upgrade = 1
