Dono = STAFF_DIAS
PosX = 2496.87744140
PosY = 2389.30224609
PosZ = 11.08397769
RX = 0.00000000
RY = 0.00000000
RZ = 333.32196044
Metal = 5
upgrade = 1
