Dono = STAFF_DIAS
PosX = 2492.77246093
PosY = 2383.95581054
PosZ = 8.10373210
RX = 0.00000000
RY = 0.00000000
RZ = 1787.40100097
Metal = 5
upgrade = 1
