Dono = STAFF_DIAS
PosX = 2497.04833984
PosY = 2383.78393554
PosZ = 10.45731639
RX = 0.00000000
RY = 0.00000000
RZ = 451.31378173
Metal = 5
upgrade = 1
