Dono = Yukishiro
PosX = 2054.58154296
PosY = 2437.87304687
PosZ = 11.32031250
RX = 0.00000000
RY = 0.00000000
RZ = 449.05746459
Metal = 5
upgrade = 1
