Dono = Yukishiro
PosX = 2058.21411132
PosY = 2437.74926757
PosZ = 11.32031250
RX = 0.00000000
RY = 0.00000000
RZ = 721.90917968
Metal = 5
upgrade = 1
