Dono = Andre_Camargo
PosX = 2178.50732421
PosY = -2255.33007812
PosZ = 15.10486221
RX = 0.00000000
RY = 0.00000000
RZ = 150.89085388
Metal = 5
upgrade = 1
