Dono = Yukishiro
PosX = 2059.90063476
PosY = 2437.96289062
PosZ = 11.32031250
RX = 0.00000000
RY = 0.00000000
RZ = 448.14236450
Metal = 5
upgrade = 1
