Dono = Snoopy
PosX = 2064.23217773
PosY = 2438.03564453
PosZ = 11.32031250
RX = 0.00000000
RY = 0.00000000
RZ = 90.67463684
Metal = 5
upgrade = 1
