Dono = Snoopy
PosX = 2067.26635742
PosY = 2437.93359375
PosZ = 11.32031250
RX = 0.00000000
RY = 0.00000000
RZ = 450.26980590
Metal = 5
upgrade = 1
