Dono = Snoopy
PosX = 2077.42041015
PosY = 2404.95556640
PosZ = 61.31689453
RX = 0.00000000
RY = 0.00000000
RZ = 635.13311767
Metal = 5
upgrade = 1
