Dono = raguatanga_
PosX = -534.89843750
PosY = -98.45874786
PosZ = 63.79687500
RX = 0.00000000
RY = 0.00000000
RZ = 176.81738281
Metal = 5
upgrade = 1
