Dono = Snoopy
PosX = 2077.08740234
PosY = 2422.22338867
PosZ = 64.61689758
RX = 0.00000000
RY = 0.00000000
RZ = 90.95367431
Metal = 5
upgrade = 1
