Dono = STAFF_DIAS
PosX = -2151.94482421
PosY = -2548.24340820
PosZ = 31.11718750
RX = 0.00000000
RY = 0.00000000
RZ = 400.65127563
Metal = 5
upgrade = 1
