Dono = Snoopy
PosX = 2078.47070312
PosY = 2369.25073242
PosZ = 11.57313060
RX = 0.00000000
RY = 0.00000000
RZ = 180.29188537
Metal = 5
upgrade = 1
