Dono = Snoopy
PosX = 2078.68750000
PosY = 2372.22143554
PosZ = 11.40102386
RX = 0.00000000
RY = 0.00000000
RZ = 177.26119995
Metal = 5
upgrade = 1
