Dono = Snoopy
PosX = 2078.94604492
PosY = 2375.26953125
PosZ = 11.25129699
RX = 0.00000000
RY = 0.00000000
RZ = 174.29650878
Metal = 5
upgrade = 1
