Dono = Andre_Camargo
PosX = 2176.77099609
PosY = -2254.62158203
PosZ = 14.66161823
RX = 0.00000000
RY = 0.00000000
RZ = 126.10443878
Metal = 5
upgrade = 1
