Dono = Yukishiro
PosX = 2081.85595703
PosY = 2378.85961914
PosZ = 11.32031250
RX = 0.00000000
RY = 0.00000000
RZ = 365.37246704
Metal = 5
upgrade = 1
