Dono = Snoopy
PosX = 2078.36914062
PosY = 2369.70996093
PosZ = 15.61718750
RX = 0.00000000
RY = 0.00000000
RZ = 532.31311035
Metal = 5
upgrade = 1
