Dono = Snoopy
PosX = 2078.35302734
PosY = 2372.75952148
PosZ = 15.61718750
RX = 0.00000000
RY = 0.00000000
RZ = 542.11169433
Metal = 5
upgrade = 1
