Dono = Yukishiro
PosX = 2077.94165039
PosY = 2378.20263671
PosZ = 15.61718750
RX = 0.00000000
RY = 0.00000000
RZ = 351.36291503
Metal = 5
upgrade = 1
