Dono = Yukishiro
PosX = 2078.37695312
PosY = 2375.42285156
PosZ = 15.61718750
RX = 0.00000000
RY = 0.00000000
RZ = 186.97485351
Metal = 5
upgrade = 1
