Dono = Snoopy
PosX = 2103.43920898
PosY = 2378.73535156
PosZ = 19.92966079
RX = 0.00000000
RY = 0.00000000
RZ = 361.14514160
Metal = 5
upgrade = 1
