Dono = Snoopy
PosX = 2103.17407226
PosY = 2375.75537109
PosZ = 19.92187500
RX = 0.00000000
RY = 0.00000000
RZ = 168.28176879
Metal = 5
upgrade = 1
