Dono = Yukishiro
PosX = 2103.25854492
PosY = 2372.52929687
PosZ = 19.92966079
RX = 0.00000000
RY = 0.00000000
RZ = 177.58195495
Metal = 5
upgrade = 1
