Dono = Yukishiro
PosX = 2102.59619140
PosY = 2369.35693359
PosZ = 19.87867355
RX = 0.00000000
RY = 0.00000000
RZ = 163.36959838
Metal = 5
upgrade = 1
