Dono = marcos_beliski
PosX = -1618.62548828
PosY = 688.48016357
PosZ = 7.68750000
RX = 0.00000000
RY = 0.00000000
RZ = 275.28033447
Metal = 5
upgrade = 1
