Dono = Andre_Camargo
PosX = 0.00000000
PosY = 0.00000000
PosZ = 0.00000000
RX = 0.00000000
RY = 0.00000000
RZ = 0.00000000
Metal = 5
upgrade = 1
