Dono = marcos_beliski
PosX = -1623.09631347
PosY = 689.26367187
PosZ = 7.68750000
RX = 0.00000000
RY = 0.00000000
RZ = 266.83587646
Metal = 5
upgrade = 1
