Dono = Snoopy
PosX = 2103.11010742
PosY = 2378.51220703
PosZ = 24.23690414
RX = 0.00000000
RY = 0.00000000
RZ = 351.57342529
Metal = 5
upgrade = 1
