Dono = Gui_Marena
PosX = -436.99322509
PosY = -62.38108062
PosZ = 59.42328643
RX = 0.00000000
RY = 0.00000000
RZ = 180.23985290
Metal = 5
upgrade = 1
