Dono = Gui_Marena
PosX = -428.17483520
PosY = -62.24352645
PosZ = 58.61388015
RX = 0.00000000
RY = 0.00000000
RZ = 441.97009277
Metal = 5
upgrade = 1
