Dono = Gui_Marena
PosX = -429.09753417
PosY = -63.53385543
PosZ = 58.66127395
RX = 0.00000000
RY = 0.00000000
RZ = 377.57284545
Metal = 5
upgrade = 1
