Dono = Gui_Marena
PosX = -430.09002685
PosY = -68.50406646
PosZ = 59.30597305
RX = 0.00000000
RY = 0.00000000
RZ = 277.01959228
Metal = 5
upgrade = 1
