Dono = den_
PosX = -525.55664062
PosY = -62.07579421
PosZ = 63.39817810
RX = 0.00000000
RY = 0.00000000
RZ = 448.97360229
Metal = 5
upgrade = 1
