Dono = Gabriel_Ramosx
PosX = 2822.85351562
PosY = 2267.90136718
PosZ = 11.32031250
RX = 0.00000000
RY = 0.00000000
RZ = 270.70416259
Metal = 5
upgrade = 1
