Dono = Gabriel_Ramosx
PosX = 2821.26245117
PosY = 2267.95166015
PosZ = 11.32031250
RX = 0.00000000
RY = 0.00000000
RZ = 296.93948364
Metal = 5
upgrade = 1
