Dono = Gabriel_Ramosx
PosX = 2816.87036132
PosY = 1690.88696289
PosZ = 11.32031250
RX = 0.00000000
RY = 0.00000000
RZ = 262.47039794
Metal = 5
upgrade = 1
