Dono = Wesker_kennedy
PosX = 2360.98168945
PosY = -656.00518798
PosZ = 128.55468750
RX = 0.00000000
RY = 0.00000000
RZ = 180.79583740
Metal = 5
upgrade = 1
