Dono = Gabriel_Ramosx
PosX = 2811.50854492
PosY = 1690.87670898
PosZ = 11.32031250
RX = 0.00000000
RY = 0.00000000
RZ = 294.99505615
Metal = 5
upgrade = 1
