Dono = Yure_Dias
PosX = 2316.97827148
PosY = -1220.48254394
PosZ = 24.43299293
RX = 0.00000000
RY = 0.00000000
RZ = 182.08605957
Metal = 5
upgrade = 1
