Dono = Yure_Dias
PosX = 2319.77539062
PosY = -1217.75134277
PosZ = 23.96433258
RX = 0.00000000
RY = 0.00000000
RZ = 187.86888122
Metal = 5
upgrade = 1
