Dono = Yure_Dias
PosX = 2322.78491210
PosY = -1220.72790527
PosZ = 23.71595764
RX = 0.00000000
RY = 0.00000000
RZ = 177.21577453
Metal = 5
upgrade = 1
