Dono = Snoopy
PosX = 2102.79174804
PosY = 2375.58471679
PosZ = 24.22653579
RX = 0.00000000
RY = 0.00000000
RZ = 176.91815185
Metal = 5
upgrade = 1
