Dono = Snoopy
PosX = 2102.66967773
PosY = 2372.69335937
PosZ = 24.21875000
RX = 0.00000000
RY = 0.00000000
RZ = 182.52307128
Metal = 5
upgrade = 1
