Dono = kaique_martins
PosX = -131.33609008
PosY = -94.55266571
PosZ = 3.61808204
RX = 0.00000000
RY = 0.00000000
RZ = 173.73660278
Metal = 5
upgrade = 1
