Dono = raguatanga_
PosX = 206.13426208
PosY = -236.28312683
PosZ = 2.71958255
RX = 0.00000000
RY = 0.00000000
RZ = 271.10110473
Metal = 5
upgrade = 1
