Dono = raguatanga_
PosX = 203.33241271
PosY = -235.90219116
PosZ = 2.37812495
RX = 0.00000000
RY = 0.00000000
RZ = 628.90765380
Metal = 5
upgrade = 1
