Dono = kaique_martins
PosX = -526.45013427
PosY = -102.48598480
PosZ = 64.09687805
RX = 0.00000000
RY = 0.00000000
RZ = 353.97994995
Metal = 5
upgrade = 1
