Dono = Wesker_kennedy
PosX = 2353.91967773
PosY = -655.91424560
PosZ = 128.55468750
RX = 0.00000000
RY = 0.00000000
RZ = 363.43298339
Metal = 5
upgrade = 1
