Dono = kaique_martins
PosX = -529.42340087
PosY = -100.44193267
PosZ = 63.79687500
RX = 0.00000000
RY = 0.00000000
RZ = 268.94427490
Metal = 5
upgrade = 1
