Dono = nafooplys
PosX = 207.18020629
PosY = -95.89598083
PosZ = 2.06046390
RX = 0.00000000
RY = 0.00000000
RZ = 397.37316894
Metal = 5
upgrade = 1
