Dono = Gustavo_Dragnel
PosX = 306.37939453
PosY = -375.70260620
PosZ = 9.94884967
RX = 0.00000000
RY = 0.00000000
RZ = 438.08801269
Metal = 5
upgrade = 1
