Dono = Jef_YT
PosX = -448.14889526
PosY = -172.46060180
PosZ = 77.28947448
RX = 0.00000000
RY = 0.00000000
RZ = 497.79824829
Metal = 5
upgrade = 1
