Dono = raguatanga_
PosX = 216.52929687
PosY = -224.30003356
PosZ = 2.27861881
RX = 0.00000000
RY = 0.00000000
RZ = 273.07943725
Metal = 5
upgrade = 1
