Dono = raguatanga_
PosX = 213.45362854
PosY = -224.41644287
PosZ = 2.27861881
RX = 0.00000000
RY = 0.00000000
RZ = 261.82266235
Metal = 5
upgrade = 1
