Dono = Ariel_
PosX = -1615.89184570
PosY = -2634.09838867
PosZ = 52.08618927
RX = 0.00000000
RY = 0.00000000
RZ = 354.91098022
Metal = 5
upgrade = 1
