Dono = Snoopy
PosX = 2103.17456054
PosY = 2369.95410156
PosZ = 24.21875000
RX = 0.00000000
RY = 0.00000000
RZ = 200.81518554
Metal = 5
upgrade = 1
