Dono = Ariel_
PosX = -2140.30834960
PosY = -2467.23095703
PosZ = 31.42499923
RX = 0.00000000
RY = 0.00000000
RZ = 385.90722656
Metal = 5
upgrade = 1
