Dono = Fluit_Jhonson
PosX = 829.85046386
PosY = -864.31237792
PosZ = 70.37989044
RX = 0.00000000
RY = 0.00000000
RZ = 248.39335632
Metal = 5
upgrade = 1
