Dono = Wesker_kennedy
PosX = 2352.46459960
PosY = -657.07275390
PosZ = 128.55468750
RX = 0.00000000
RY = 0.00000000
RZ = 278.73104858
Metal = 5
upgrade = 1
