Dono = Fluit_Jhonson
PosX = 830.04931640
PosY = -846.94201660
PosZ = 72.21903991
RX = 0.00000000
RY = 0.00000000
RZ = 291.38769531
Metal = 5
upgrade = 1
