Dono = Fluit_Jhonson
PosX = 829.42736816
PosY = -847.90692138
PosZ = 70.42266845
RX = 0.00000000
RY = 0.00000000
RZ = 303.37365722
Metal = 5
upgrade = 1
