Dono = [I2F].BUIMANO.gg
PosX = 100.04551696
PosY = -164.15580749
PosZ = 3.09375000
RX = 0.00000000
RY = 0.00000000
RZ = 544.43554687
Metal = 5
upgrade = 1
