Dono = [I2F].BUIMANO.gg
PosX = 100.20264434
PosY = -165.38432312
PosZ = 3.09375000
RX = 0.00000000
RY = 0.00000000
RZ = 361.94958496
Metal = 5
upgrade = 1
