Dono = [I2F].BUIMANO.gg
PosX = 88.92420959
PosY = -161.13984680
PosZ = 3.09375000
RX = 0.00000000
RY = 0.00000000
RZ = 5134.36279296
Metal = 5
upgrade = 1
