Dono = [I2F].BUIMANO.gg
PosX = 85.84480285
PosY = -161.26338195
PosZ = 3.09375000
RX = 0.00000000
RY = 0.00000000
RZ = 272.16943359
Metal = 5
upgrade = 1
