Dono = nafooplys
PosX = 184.24314880
PosY = -120.89772033
PosZ = 2.03906250
RX = 0.00000000
RY = 0.00000000
RZ = 271.08499145
Metal = 5
upgrade = 1
