Dono = Fluit_Jhonson
PosX = 828.42926025
PosY = -848.19696044
PosZ = 70.42213439
RX = 0.00000000
RY = 0.00000000
RZ = 290.62286376
Metal = 5
upgrade = 1
