Dono = Kaue_Santos
PosX = -1857.33728027
PosY = -1695.34655761
PosZ = 41.36718750
RX = 0.00000000
RY = 0.00000000
RZ = 120.73016357
Metal = 5
upgrade = 1
