Dono = Jeffrey_Barbosa
PosX = -684.86761474
PosY = 936.82464599
PosZ = 14.13281250
RX = 0.00000000
RY = 0.00000000
RZ = 259.82135009
Metal = 5
upgrade = 1
