Dono = Wesker_kennedy
PosX = 2348.96923828
PosY = -656.39770507
PosZ = 128.25468444
RX = 0.00000000
RY = 0.00000000
RZ = 254.58476257
Metal = 5
upgrade = 1
