Dono = Jeffrey_Barbosa
PosX = -685.56561279
PosY = 943.92498779
PosZ = 14.13281250
RX = 0.00000000
RY = 0.00000000
RZ = 113.19897460
Metal = 5
upgrade = 1
