Dono = Ghost_Z
PosX = -469.69546508
PosY = -181.81889343
PosZ = 78.71093750
RX = 0.00000000
RY = 0.00000000
RZ = 444.57110595
Metal = 5
upgrade = 1
