Dono = Ghost_Z
PosX = -470.12628173
PosY = -183.59852600
PosZ = 78.27310943
RX = 0.00000000
RY = 0.00000000
RZ = 91.62942504
Metal = 5
upgrade = 1
