Dono = Kaue_Santos
PosX = -1856.83544921
PosY = -1694.92810058
PosZ = 43.47876739
RX = 0.00000000
RY = 0.00000000
RZ = 104.67993164
Metal = 5
upgrade = 1
