Dono = Kaue_Santos
PosX = -1857.31665039
PosY = -1697.36938476
PosZ = 42.42968750
RX = 0.00000000
RY = 0.00000000
RZ = 123.64591979
Metal = 5
upgrade = 1
