Dono = iRelaxed
PosX = -2096.07421875
PosY = -2405.72119140
PosZ = 31.57696723
RX = 0.00000000
RY = 0.00000000
RZ = 312.56475830
Metal = 5
upgrade = 1
