Dono = den_
PosX = -1298.82385253
PosY = -2193.11767578
PosZ = 22.14407920
RX = 0.00000000
RY = 0.00000000
RZ = 93.88403320
Metal = 5
upgrade = 1
