Dono = Fluit_Jhonson
PosX = 832.33691406
PosY = -855.04205322
PosZ = 70.42710113
RX = 0.00000000
RY = 0.00000000
RZ = 107.39644622
Metal = 5
upgrade = 1
