Dono = [I2F].BUIMANO.gg
PosX = 99.94497680
PosY = -159.29273986
PosZ = 3.07980132
RX = 0.00000000
RY = 0.00000000
RZ = 178.25732421
Metal = 5
upgrade = 1
