Dono = [I2F].BUIMANO.gg
PosX = 99.98540496
PosY = -156.16981506
PosZ = 3.07845020
RX = 0.00000000
RY = 0.00000000
RZ = 355.62622070
Metal = 5
upgrade = 1
