td_0_string=CARREGANDO
td_0_data=245.000000 315.000000 3 0 1 0 0.749998 3.099997 -1 255 50 0 400.000000 17.000000 0 1 1 0 1 1 -10.000000 0.000000 -20.000000 1.000000 255 255 50 
td_0_bar_data=100.000000 0 
td_1_string=load0uk:load0uk
td_1_data=-2.000000 -16.000000 4 0 1 0 0.600000 2.000000 -1 255 50 1 647.000000 517.500000 0 1 1 0 1 1 -10.000000 0.000000 -20.000000 1.000000 255 255 50 
td_1_bar_data=100.000000 0 
