td_0_string=_
td_0_data=76.000000 179.000000 1 1 1 0 0.658332 8.450002 -1 255 589505535 1 308.500000 164.500000 0 2 1 0 1 1 -10.000000 0.000000 -20.000000 1.000000 255 255 255 
td_0_bar_data=100.000000 0 
td_1_string=CONQUISTA
td_1_data=20.000000 182.000000 3 1 1 0 0.600000 2.000000 -1 255 50 0 400.000000 17.000000 0 1 1 0 1 1 -10.000000 0.000000 -20.000000 1.000000 255 255 50 
td_1_bar_data=100.000000 0 
td_2_string=_
td_2_data=72.000000 180.000000 1 1 1 0 0.600000 2.800003 -1 255 353703423 1 333.500000 170.000000 0 2 1 0 1 1 -10.000000 0.000000 -20.000000 1.000000 255 255 255 
td_2_bar_data=100.000000 0 
td_3_string=A PRIMEIRA VITIMA
td_3_data=7.000000 218.000000 2 1 1 0 0.325000 1.850000 -1 255 50 0 400.000000 17.000000 0 1 1 0 1 1 -10.000000 0.000000 -20.000000 1.000000 255 255 50 
td_3_bar_data=100.000000 0 
