td_0_string=ACEITAR
td_0_data=310.000000 316.000000 2 1 1 1 0.258332 1.750000 -1 255 152 1 16.500000 90.500000 1 2 1 0 1 1 -10.000000 0.000000 -20.000000 1.000000 255 255 152 
td_0_bar_data=100.000000 0 
td_1_string=~r~Marcos: ~w~ Ola sobrevivente, pode me ajudar?, meu veiculo esta danificado e eu preciso de um motor para consertar-lo
td_1_data=172.000000 337.000000 1 1 0 2 0.287500 2.199998 -1 255 129 1 455.000000 322.000000 0 1 1 0 1 1 -10.000000 0.000000 -20.000000 1.000000 255 255 129 
td_1_bar_data=100.000000 0 
