td_0_string=_
td_0_data=295.000000 169.000000 1 1 1 0 0.600000 14.000011 -1 255 -1061109625 1 278.500000 165.000000 0 2 1 0 1 1 -10.000000 0.000000 -20.000000 1.000000 255 255 135 
td_0_bar_data=100.000000 0 
td_1_string=<<
td_1_data=216.000000 214.000000 1 1 1 0 0.666666 2.000000 -1 255 255 1 251.000000 17.000000 1 1 1 0 1 1 -10.000000 0.000000 -20.000000 1.000000 255 255 255 
td_1_bar_data=100.000000 0 
td_2_string=UP
td_2_data=280.000000 177.000000 1 1 1 0 0.666666 2.000000 -1 255 255 1 310.500000 17.000000 1 1 1 0 1 1 -10.000000 0.000000 -20.000000 1.000000 255 255 255 
td_2_bar_data=100.000000 0 
td_3_string=>>
td_3_data=340.000000 214.000000 1 1 1 0 0.666666 2.000000 -1 255 255 1 373.500000 17.000000 1 1 1 0 1 1 -10.000000 0.000000 -20.000000 1.000000 255 255 255 
td_3_bar_data=100.000000 0 
td_4_string=DOWN
td_4_data=276.000000 243.000000 1 1 1 0 0.375000 2.349999 -1 255 255 1 318.500000 17.000000 1 1 1 0 1 1 -10.000000 0.000000 -20.000000 1.000000 255 255 255 
td_4_bar_data=100.000000 0 
td_5_string=editor teste 1.0
td_5_data=210.000000 278.000000 1 1 1 0 0.600000 2.000000 -1 255 170 1 379.000000 17.000000 0 1 1 0 1 1 -10.000000 0.000000 -20.000000 1.000000 255 255 170 
td_5_bar_data=100.000000 0 
