td_0_string=NextDay - Survival
td_0_data=638.000000 424.000000 1 1 1 0 0.279166 1.899999 -1 255 50 0 400.000000 17.000000 0 3 1 0 1 1 -10.000000 0.000000 -20.000000 1.000000 255 255 50 
td_0_bar_data=100.000000 0 
td_1_string=GPS:
td_1_data=498.000000 101.000000 1 1 1 0 0.350000 1.600000 -1 255 50 0 400.000000 17.000000 0 1 1 0 1 1 -10.000000 0.000000 -20.000000 1.000000 255 255 50 
td_1_bar_data=100.000000 0 
td_2_string=Offline
td_2_data=531.000000 102.000000 1 1 1 0 0.350000 1.600000 -1962934017 255 50 0 400.000000 17.000000 0 1 1 0 1 1 -10.000000 0.000000 -20.000000 1.000000 255 255 50 
td_2_bar_data=100.000000 0 
td_3_string=Online
td_3_data=531.000000 102.000000 1 1 1 0 0.350000 1.600000 9109759 255 50 0 400.000000 17.000000 0 1 1 0 1 1 -10.000000 0.000000 -20.000000 1.000000 255 255 50 
td_3_bar_data=100.000000 0 
