td_0_string=_
td_0_data=568.000000 240.000000 3 0 1 0 0.791665 1.549968 -1 -1378294017 125 1 500.000000 140.000000 0 2 1 0 1 1 -10.000000 0.000000 -20.000000 1.000000 255 255 125 
td_0_bar_data=100.000000 0 
td_1_string=PlayerProgressBar
td_1_data=529.000000 242.000000 6 1 1 0 0.600000 2.000000 16711818 255 50 1 111.500000 10.000000 0 1 1 0 1 1 -10.000000 0.000000 -20.000000 1.000000 138 255 50 
td_1_bar_data=100.000000 0 
td_2_string=100%
td_2_data=498.000000 240.000000 1 0 1 0 0.279166 1.450000 -1 255 50 0 400.000000 17.000000 0 1 1 0 1 1 -10.000000 0.000000 -20.000000 1.000000 255 255 50 
td_2_bar_data=100.000000 0 
td_3_string=_
td_3_data=568.000000 261.000000 3 0 1 0 0.791665 1.549968 -1 -1378294017 125 1 500.000000 140.000000 0 2 1 0 1 1 -10.000000 0.000000 -20.000000 1.000000 255 255 125 
td_3_bar_data=100.000000 0 
td_4_string=PlayerProgressBar
td_4_data=529.000000 263.000000 6 1 1 0 0.600000 2.000000 16777098 255 50 1 111.500000 10.000000 0 1 1 0 1 1 -10.000000 0.000000 -20.000000 1.000000 138 255 50 
td_4_bar_data=100.000000 0 
td_5_string=100%
td_5_data=498.000000 260.000000 1 0 1 0 0.279166 1.450000 -1 255 50 0 400.000000 17.000000 0 1 1 0 1 1 -10.000000 0.000000 -20.000000 1.000000 255 255 50 
td_5_bar_data=100.000000 0 
td_6_string=_
td_6_data=568.000000 284.000000 3 0 1 0 0.791665 1.549968 -1 -1378294017 125 1 500.000000 140.000000 0 2 1 0 1 1 -10.000000 0.000000 -20.000000 1.000000 255 255 125 
td_6_bar_data=100.000000 0 
td_7_string=PlayerProgressBar
td_7_data=529.000000 285.000000 6 1 1 0 0.600000 2.000000 -16777078 255 50 1 111.500000 10.000000 0 1 1 0 1 1 -10.000000 0.000000 -20.000000 1.000000 138 255 50 
td_7_bar_data=100.000000 0 
td_8_string=100%
td_8_data=498.000000 283.000000 1 0 1 0 0.279166 1.450000 -1 255 50 0 400.000000 17.000000 0 1 1 0 1 1 -10.000000 0.000000 -20.000000 1.000000 255 255 50 
td_8_bar_data=100.000000 0 
