td_0_string=_
td_0_data=564.000000 5.000000 1 1 1 0 -0.191666 12.750009 -1 255 1296911871 1 293.000000 138.000000 0 2 1 0 1 1 -10.000000 0.000000 -20.000000 1.000000 255 255 255 
td_0_bar_data=100.000000 0 
td_1_string=_
td_1_data=564.000000 8.000000 1 1 1 0 -0.191666 12.050006 -1 255 454761471 1 293.000000 133.000000 0 2 1 0 1 1 -10.000000 0.000000 -20.000000 1.000000 255 255 255 
td_1_bar_data=100.000000 0 
td_2_string=NextDay - Survival
td_2_data=622.000000 7.000000 2 1 0 0 0.283333 2.049999 -1807285761 255 50 0 400.000000 17.000000 0 3 1 0 1 1 -10.000000 0.000000 -20.000000 1.000000 255 255 50 
td_2_bar_data=100.000000 0 
td_3_string=_
td_3_data=563.000000 35.000000 1 1 1 0 0.600000 -0.499996 -741092353 255 -1 1 298.500000 80.000000 0 2 1 0 1 1 -10.000000 0.000000 -20.000000 1.000000 255 255 255 
td_3_bar_data=100.000000 0 
td_4_string=ARMA:
td_4_data=502.000000 41.000000 1 1 0 0 0.308333 1.600000 -1061109505 255 50 0 400.000000 17.000000 0 1 1 0 1 1 -10.000000 0.000000 -20.000000 1.000000 255 255 50 
td_4_bar_data=100.000000 0 
td_5_string=SHOTGUN
td_5_data=540.000000 42.000000 1 1 0 0 0.266667 1.500000 -1523963137 255 50 0 400.000000 17.000000 0 1 1 0 1 1 -10.000000 0.000000 -20.000000 1.000000 255 255 50 
td_5_bar_data=100.000000 0 
td_6_string=PATENTE:
td_6_data=502.000000 59.000000 1 1 0 0 0.308333 1.600000 -1061109505 255 50 0 400.000000 17.000000 0 1 1 0 1 1 -10.000000 0.000000 -20.000000 1.000000 255 255 50 
td_6_bar_data=100.000000 0 
td_7_string=RECRUTA
td_7_data=553.000000 61.000000 1 1 0 0 0.266667 1.500000 1433087999 255 50 0 400.000000 17.000000 0 1 1 0 1 1 -10.000000 0.000000 -20.000000 1.000000 255 255 50 
td_7_bar_data=100.000000 0 
td_8_string=KILLs:
td_8_data=503.000000 76.000000 1 1 0 0 0.308333 1.600000 -1061109505 255 50 0 400.000000 17.000000 0 1 1 0 1 1 -10.000000 0.000000 -20.000000 1.000000 255 255 50 
td_8_bar_data=100.000000 0 
td_9_string=0
td_9_data=537.000000 77.000000 1 1 0 0 0.266667 1.500000 -1523963137 255 50 0 400.000000 17.000000 0 1 1 0 1 1 -10.000000 0.000000 -20.000000 1.000000 255 255 50 
td_9_bar_data=100.000000 0 
td_10_string=7/20
td_10_data=590.000000 42.000000 1 1 0 0 0.266667 1.500000 -1523963137 255 50 0 400.000000 17.000000 0 1 1 0 1 1 -10.000000 0.000000 -20.000000 1.000000 255 255 50 
td_10_bar_data=100.000000 0 
td_11_string=CASH:
td_11_data=503.000000 94.000000 1 1 0 0 0.308333 1.600000 -1061109505 255 50 0 400.000000 17.000000 0 1 1 0 1 1 -10.000000 0.000000 -20.000000 1.000000 255 255 50 
td_11_bar_data=100.000000 0 
td_12_string=0
td_12_data=537.000000 95.000000 1 1 0 0 0.266667 1.500000 -2686721 255 50 0 400.000000 17.000000 0 1 1 0 1 1 -10.000000 0.000000 -20.000000 1.000000 255 255 50 
td_12_bar_data=100.000000 0 
