td_0_string=_
td_0_data=104.000000 143.000000 1 0 1 0 0.662499 26.499942 9109759 255 -764862721 1 298.500000 159.500000 0 2 1 0 1 1 -10.000000 0.000000 -20.000000 1.000000 255 255 255 
td_0_bar_data=100.000000 0 
td_1_string=_
td_1_data=104.000000 115.000000 1 0 1 0 0.662499 25.549957 -294256385 255 741092607 1 298.500000 159.500000 0 2 1 0 1 1 -10.000000 0.000000 -20.000000 1.000000 255 255 255 
td_1_bar_data=100.000000 0 
td_2_string=_
td_2_data=104.000000 143.000000 1 0 1 0 0.662499 25.549957 -294256385 255 303174399 1 298.500000 159.500000 0 2 1 0 1 1 -10.000000 0.000000 -20.000000 1.000000 255 255 255 
td_2_bar_data=100.000000 0 
td_3_string=INFORMACOES
td_3_data=36.000000 120.000000 2 0 0 0 0.449999 1.649999 -1 -294256385 50 0 400.000000 17.000000 0 1 1 0 1 1 -10.000000 0.000000 -20.000000 1.000000 255 255 50 
td_3_bar_data=100.000000 0 
td_4_string=DISCORD
td_4_data=100.000000 349.000000 2 0 1 0 0.258332 1.750000 -1 255 200 1 16.500000 90.500000 1 2 1 0 1 1 -10.000000 0.000000 -20.000000 1.000000 255 255 200 
td_4_bar_data=100.000000 0 
td_5_string=DISCORD: discord.gg/TEWqFRP
td_5_data=28.000000 155.000000 1 0 0 2 0.245831 1.500000 -1 255 50 0 400.000000 17.000000 0 1 1 0 1 1 -10.000000 0.000000 -20.000000 1.000000 255 255 50 
td_5_bar_data=100.000000 0 
td_6_string=SITE/LOJA: www.nextdaysurvival.rf.gd
td_6_data=28.000000 176.000000 1 0 0 2 0.245831 1.500000 -1 255 50 0 400.000000 17.000000 0 1 1 0 1 1 -10.000000 0.000000 -20.000000 1.000000 255 255 50 
td_6_bar_data=100.000000 0 
td_7_string=Adicionado Temporadas
td_7_data=28.000000 199.000000 1 0 0 2 0.245831 1.500000 -1 255 50 0 400.000000 17.000000 0 1 1 0 1 1 -10.000000 0.000000 -20.000000 1.000000 255 255 50 
td_7_bar_data=100.000000 0 
td_8_string=Adicionado sistemas de bases
td_8_data=28.000000 221.000000 1 0 0 2 0.245831 1.500000 -1 255 50 0 400.000000 17.000000 0 1 1 0 1 1 -10.000000 0.000000 -20.000000 1.000000 255 255 50 
td_8_bar_data=100.000000 0 
td_9_string=Adicionado novos LOOTs
td_9_data=28.000000 241.000000 1 0 0 2 0.245831 1.500000 -1 255 50 0 400.000000 17.000000 0 1 1 0 1 1 -10.000000 0.000000 -20.000000 1.000000 255 255 50 
td_9_bar_data=100.000000 0 
td_10_string=Adicionado Zonas toxicas
td_10_data=28.000000 264.000000 1 0 0 2 0.245831 1.500000 -1 255 50 0 400.000000 17.000000 0 1 1 0 1 1 -10.000000 0.000000 -20.000000 1.000000 255 255 50 
td_10_bar_data=100.000000 0 
td_11_string=Versao: 1.5.0
td_11_data=44.000000 317.000000 2 0 1 0 0.379166 1.950000 -1 255 50 0 400.000000 17.000000 0 1 1 0 1 1 -10.000000 0.000000 -20.000000 1.000000 255 255 50 
td_11_bar_data=100.000000 0 
