td_0_string=_
td_0_data=314.000000 329.000000 1 0 1 0 0.600000 2.800003 -1 255 -1061109625 1 298.500000 75.000000 0 2 1 0 1 1 -10.000000 0.000000 -20.000000 1.000000 255 255 135 
td_0_bar_data=100.000000 0 
td_1_string=+1 madeira
td_1_data=280.000000 333.000000 3 0 1 0 0.316666 1.899999 -1 255 -1061109710 0 400.000000 17.000000 0 1 1 0 1 1 -10.000000 0.000000 -20.000000 1.000000 255 255 50 
td_1_bar_data=100.000000 0 
