td_0_string=_
td_0_data=320.000000 104.000000 1 0 1 0 -0.191666 25.250007 1433087999 255 255 1 383.000000 230.000000 0 2 1 0 1 1 -10.000000 0.000000 -20.000000 1.000000 255 255 255 
td_0_bar_data=100.000000 0 
td_1_string=MOCHILA
td_1_data=319.000000 114.000000 2 0 1 0 0.258332 1.750000 -1 255 1296911816 1 16.500000 90.500000 0 2 1 0 1 1 -10.000000 0.000000 -20.000000 1.000000 255 255 200 
td_1_bar_data=100.000000 0 
