td_0_string=NEXT DAY
td_0_data=157.000000 101.000000 3 0 1 0 0.837499 3.599997 -1 255 50 0 400.000000 17.000000 0 1 1 0 1 1 -10.000000 0.000000 -20.000000 1.000000 255 255 50 
td_0_bar_data=100.000000 0 
td_1_string=_
td_1_data=314.000000 -16.000000 1 0 1 0 0.600000 56.800003 -1 255 180 1 298.500000 700.000000 0 2 1 0 1 1 -10.000000 0.000000 -20.000000 1.000000 255 255 180 
td_1_bar_data=100.000000 0 
td_2_string=survival
td_2_data=254.000000 126.000000 3 0 1 0 0.566666 2.599998 -1523963137 255 50 0 400.000000 17.000000 0 1 1 0 1 1 -10.000000 0.000000 -20.000000 1.000000 255 255 50 
td_2_bar_data=100.000000 0 
td_3_string=1.5.0
td_3_data=282.000000 142.000000 1 0 1 0 0.275000 1.850000 -1 255 50 0 400.000000 17.000000 0 1 1 0 1 1 -10.000000 0.000000 -20.000000 1.000000 255 255 50 
td_3_bar_data=100.000000 0 
td_4_string=JOGAR
td_4_data=203.000000 231.000000 2 0 0 1 0.258332 1.750000 -1 255 -1962934085 1 16.500000 90.500000 1 2 1 0 1 1 -10.000000 0.000000 -20.000000 1.000000 255 255 187 
td_4_bar_data=100.000000 0 
td_5_string=creditos
td_5_data=168.000000 259.000000 2 0 0 2 0.354166 2.049998 -1 255 -16777166 0 400.000000 17.000000 1 1 1 0 1 1 -10.000000 0.000000 -20.000000 1.000000 255 255 50 
td_5_bar_data=100.000000 0 
td_6_string=atualizacao
td_6_data=158.000000 284.000000 2 0 0 2 0.354166 2.049998 -1 255 -16777166 0 400.000000 17.000000 1 1 1 0 1 1 -10.000000 0.000000 -20.000000 1.000000 255 255 50 
td_6_bar_data=100.000000 0 
