td_0_string=_
td_0_data=322.000000 1.000000 1 1 1 0 0.600000 53.850002 -1 255 241 1 298.500000 685.000000 0 2 1 0 1 1 -10.000000 0.000000 -20.000000 1.000000 255 255 241 
td_0_bar_data=100.000000 0 
td_1_string=nextday ~r~survival
td_1_data=210.000000 12.000000 0 1 1 0 1.104166 4.900001 -1 255 50 0 490.500000 17.000000 0 1 1 0 1 1 -10.000000 0.000000 -20.000000 1.000000 255 255 50 
td_1_bar_data=100.000000 0 
td_2_string=Preview_Model
td_2_data=367.000000 -29.000000 5 1 0 0 0.600000 2.000000 -16776961 0 0 0 112.500000 150.000000 0 1 1 19836 19 19 -63.000000 0.000000 -20.000000 1.000000 255 0 0 
td_2_bar_data=100.000000 0 
td_3_string=1.5.0
td_3_data=403.000000 40.000000 0 1 1 0 0.474999 1.899999 -1 255 50 0 400.000000 17.000000 0 1 1 0 1 1 -10.000000 0.000000 -20.000000 1.000000 255 255 50 
td_3_bar_data=100.000000 0 
td_4_string=_
td_4_data=324.000000 164.000000 1 1 1 0 0.600000 25.300003 -1 255 202 1 298.500000 140.000000 0 2 1 0 1 1 -10.000000 0.000000 -20.000000 1.000000 255 255 202 
td_4_bar_data=100.000000 0 
td_5_string=_
td_5_data=315.000000 75.000000 1 1 1 0 0.600000 -0.649995 -1 255 -121 1 298.500000 161.500000 0 2 1 0 1 1 -10.000000 0.000000 -20.000000 1.000000 255 255 135 
td_5_bar_data=100.000000 0 
td_6_string=jogar
td_6_data=324.000000 220.000000 2 1 1 0 0.333332 2.049999 -1 255 1296911696 1 16.500000 90.500000 1 2 1 0 1 1 -10.000000 0.000000 -20.000000 1.000000 255 255 80 
td_6_bar_data=100.000000 0 
td_7_string=MENU
td_7_data=294.000000 172.000000 1 1 1 0 0.600000 2.000000 -1 255 50 1 400.000000 17.000000 0 1 1 0 1 1 -10.000000 0.000000 -20.000000 1.000000 255 255 50 
td_7_bar_data=100.000000 0 
td_8_string=CREDITOS
td_8_data=324.000000 261.000000 2 1 1 0 0.333332 2.049999 -1 255 1296911696 1 16.500000 90.500000 1 2 1 0 1 1 -10.000000 0.000000 -20.000000 1.000000 255 255 80 
td_8_bar_data=100.000000 0 
td_9_string=DISCORD
td_9_data=324.000000 302.000000 2 1 1 0 0.333332 2.049999 -1 255 1296911696 1 16.500000 90.500000 1 2 1 0 1 1 -10.000000 0.000000 -20.000000 1.000000 255 255 80 
td_9_bar_data=100.000000 0 
td_10_string=Todos os direitos reservados a NextDay - Survival. 2020
td_10_data=393.000000 377.000000 1 1 1 0 0.137500 0.950000 -1 255 50 0 358.500000 17.000000 0 3 1 0 1 1 -10.000000 0.000000 -20.000000 1.000000 255 255 50 
td_10_bar_data=100.000000 0 
