td_0_string=_
td_0_data=614.000000 8.000000 1 0 0 0 0.600000 3.200001 -1 255 -764862721 1 298.500000 54.000000 0 2 1 0 1 1 -10.000000 0.000000 -20.000000 1.000000 255 255 255 
td_0_bar_data=100.000000 0 
td_1_string=_
td_1_data=614.000000 8.000000 1 0 1 0 0.600000 2.950001 -1 255 437918463 1 298.500000 54.000000 0 2 1 0 1 1 -10.000000 0.000000 -20.000000 1.000000 255 255 255 
td_1_bar_data=100.000000 0 
td_2_string=29
td_2_data=616.000000 11.000000 1 0 0 0 0.600000 2.000000 -1 255 50 0 400.000000 17.000000 0 3 1 0 1 1 -10.000000 0.000000 -20.000000 1.000000 255 255 50 
td_2_bar_data=100.000000 0 
td_3_string=C
td_3_data=629.000000 11.000000 1 0 0 0 0.600000 2.000000 -2686721 255 50 0 400.000000 17.000000 0 3 1 0 1 1 -10.000000 0.000000 -20.000000 1.000000 255 255 50 
td_3_bar_data=100.000000 0 
td_4_string=o
td_4_data=638.000000 2.000000 1 0 0 0 0.420832 1.750000 -2686721 255 50 0 400.000000 17.000000 0 3 1 0 1 1 -10.000000 0.000000 -20.000000 1.000000 255 255 50 
td_4_bar_data=100.000000 0 
