Dono = piriquito
PosX = 2822.98461914
PosY = -1888.96069335
PosZ = 10.93750000
RX = 0.00000000
RY = 0.00000000
RZ = 300.95126342
