Dono = piriquito
PosX = 2825.39648437
PosY = -1886.42639160
PosZ = 10.93750000
RX = 0.00000000
RY = 0.00000000
RZ = 216.28536987
