Dono = piriquito
PosX = 2820.08276367
PosY = -1879.75817871
PosZ = 11.02811527
RX = 0.00000000
RY = 0.00000000
RZ = 216.28536987
