Dono = Yukishiro
PosX = 1454.56738281
PosY = 748.30291748
PosZ = 10.52343750
RX = 0.00000000
RY = 0.00000000
RZ = 300.52926635
Metal = 5
upgrade = 1
