Dono = Andre_Camargo
PosX = 2134.95361328
PosY = -2280.33032226
PosZ = 20.17187500
RX = 0.00000000
RY = 0.00000000
RZ = 137.54521179
Metal = 5
upgrade = 1
