Dono = Ultra_dayz
PosX = -1960.18481445
PosY = 293.59051513
PosZ = 34.96875000
RX = 0.00000000
RY = 0.00000000
RZ = 185.59286499
Metal = 5
upgrade = 1
