Dono = STAFF_DIAS
PosX = -2151.60131835
PosY = -2545.97534179
PosZ = 30.11718750
RX = 0.00000000
RY = 0.00000000
RZ = 221.99002075
Metal = 5
upgrade = 1
