Dono = Fluit_Jhonson
PosX = 832.91107177
PosY = -853.98675537
PosZ = 69.41716766
RX = 0.00000000
RY = 0.00000000
RZ = 120.96852874
Metal = 5
upgrade = 1
