Dono = Fluit_Jhonson
PosX = 832.30987548
PosY = -853.92504882
PosZ = 69.42489624
RX = 0.00000000
RY = 0.00000000
RZ = 97.51465606
Metal = 5
upgrade = 1
