Dono = Fluit_Jhonson
PosX = 830.56091308
PosY = -854.38006591
PosZ = 69.42810821
RX = 0.00000000
RY = 0.00000000
RZ = 210.39445495
Metal = 5
upgrade = 1
