Dono = Kaue_Santos
PosX = -1856.57092285
PosY = -1694.00097656
PosZ = 41.08593750
RX = 0.00000000
RY = 0.00000000
RZ = 122.42412567
Metal = 5
upgrade = 1
