Dono = Ghost_Z
PosX = -556.29541015
PosY = -171.21289062
PosZ = 77.90466308
RX = 0.00000000
RY = 0.00000000
RZ = 116.16723632
Metal = 5
upgrade = 1
