Dono = den_
PosX = -546.92218017
PosY = -182.13336181
PosZ = 77.90625000
RX = 0.00000000
RY = 0.00000000
RZ = 341.73153686
Metal = 5
upgrade = 1
