Dono = Eduuh_157
PosX = 1838.06555175
PosY = -1312.51232910
PosZ = 13.04841136
RX = 0.00000000
RY = 0.00000000
RZ = 253.97073364
Metal = 5
upgrade = 1
