Dono = Morte_Doido
PosX = 775.64953613
PosY = -1333.84106445
PosZ = 13.04184913
RX = 0.00000000
RY = 0.00000000
RZ = 449.73980712
Metal = 5
upgrade = 1
