Dono = Eduuh_157
PosX = -1607.72741699
PosY = -2641.19555664
PosZ = 52.96939849
RX = 0.00000000
RY = 0.00000000
RZ = 112.10683441
Metal = 5
upgrade = 1
