Dono = samuel_loko
PosX = -368.16821289
PosY = -1428.33227539
PosZ = 25.22656250
RX = 0.00000000
RY = 0.00000000
RZ = 381.83489990
Metal = 5
upgrade = 1
