Dono = samuel_loko
PosX = -367.97882080
PosY = -1428.60729980
PosZ = 25.22656250
RX = 0.00000000
RY = 0.00000000
RZ = 207.79815673
Metal = 5
upgrade = 1
