Dono = Enzo_Henrique
PosX = -2203.73876953
PosY = -2442.45483398
PosZ = 30.12450408
RX = 0.00000000
RY = 0.00000000
RZ = 329.23907470
Metal = 5
upgrade = 1
