Dono = Enzo_Henrique
PosX = -2201.70727539
PosY = -2442.46850585
PosZ = 30.11718750
RX = 0.00000000
RY = 0.00000000
RZ = 236.36642456
Metal = 5
upgrade = 1
