Dono = Enzo_Henrique
PosX = -2220.51831054
PosY = -2403.95898437
PosZ = 31.47953605
RX = 0.00000000
RY = 0.00000000
RZ = 407.65963745
Metal = 5
upgrade = 1
