Dono = Enzo_Henrique
PosX = -2221.61865234
PosY = -2403.69042968
PosZ = 31.48437500
RX = 0.00000000
RY = 0.00000000
RZ = 415.74295043
Metal = 5
upgrade = 1
