Dono = miojoly
PosX = -393.34945678
PosY = 1261.86352539
PosZ = 6.65965080
RX = 0.00000000
RY = 0.00000000
RZ = 268.13134765
Metal = 5
upgrade = 1
