Dono = EoVaqueiroMainha
PosX = -403.49517822
PosY = 1306.82055664
PosZ = 10.72718906
RX = 0.00000000
RY = 0.00000000
RZ = 96.90930175
Metal = 5
upgrade = 1
