Dono = EoVaqueiroMainha
PosX = -404.27828979
PosY = 1308.64831542
PosZ = 10.92192554
RX = 0.00000000
RY = 0.00000000
RZ = 376.10928344
Metal = 5
upgrade = 1
