Dono = miojoly
PosX = -395.51333618
PosY = 1248.75830078
PosZ = 6.23255300
RX = 0.00000000
RY = 0.00000000
RZ = 266.99383544
Metal = 5
upgrade = 1
