Dono = Eduuh_157
PosX = -1619.12145996
PosY = -2630.00952148
PosZ = 50.96527481
RX = 0.00000000
RY = 0.00000000
RZ = 129.51333618
Metal = 5
upgrade = 1
