Dono = miojoly
PosX = -394.63391113
PosY = 1244.44873046
PosZ = 6.12066364
RX = 0.00000000
RY = 0.00000000
RZ = 170.01028442
Metal = 5
upgrade = 1
