Dono = miojoly
PosX = -395.55899047
PosY = 1244.78466796
PosZ = 6.11443519
RX = 0.00000000
RY = 0.00000000
RZ = 166.22499084
Metal = 5
upgrade = 1
