Dono = miojoly
PosX = -403.51123046
PosY = 1309.03991699
PosZ = 10.93727302
RX = 0.00000000
RY = 0.00000000
RZ = 203.20370483
Metal = 5
upgrade = 1
