Dono = miojoly
PosX = -404.76443481
PosY = 1309.00280761
PosZ = 10.96912574
RX = 0.00000000
RY = 0.00000000
RZ = 210.34106445
Metal = 5
upgrade = 1
