Dono = STAFF_arthur
PosX = 1047.64428710
PosY = -311.85244750
PosZ = 73.49308013
RX = 0.00000000
RY = 0.00000000
RZ = 268.25323486
Metal = 5
upgrade = 1
