Dono = raguatanga_
PosX = -531.16217041
PosY = -98.95798492
PosZ = 62.79687500
RX = 0.00000000
RY = 0.00000000
RZ = 184.33750915
Metal = 5
upgrade = 1
