Dono = Jef_YT
PosX = 256.13500976
PosY = -60.30739974
PosZ = 1.07031250
RX = 0.00000000
RY = 0.00000000
RZ = 276.42251586
Metal = 5
upgrade = 1
