Dono = Gustavo_Dragnel
PosX = 249.56816101
PosY = -85.20297241
PosZ = 2.00033545
RX = 0.00000000
RY = 0.00000000
RZ = 358.27496337
Metal = 5
upgrade = 1
