Dono = Jef_YT
PosX = 255.08354187
PosY = -63.06378936
PosZ = 1.07812500
RX = 0.00000000
RY = 0.00000000
RZ = 420.92776489
Metal = 5
upgrade = 1
