Dono = gus_silva
PosX = -1635.10461425
PosY = -2240.97045898
PosZ = 30.97656250
RX = 0.00000000
RY = 0.00000000
RZ = 136.65809631
Metal = 5
upgrade = 1
