Dono = gus_silva
PosX = -1640.31286621
PosY = -2241.07836914
PosZ = 30.97656250
RX = 0.00000000
RY = 0.00000000
RZ = 411.55178833
Metal = 5
upgrade = 1
