Dono = Gabriel_Sanchez
PosX = -70.09926605
PosY = -103.10251617
PosZ = 2.61808204
RX = 0.00000000
RY = 0.00000000
RZ = 166.54678344
Metal = 5
upgrade = 1
